
/sasawara/
N10
 phrase_info_num(1,:)= [0 58 112 144 209 276 320 367];
 phrase_info_num(2,:)= [phrase_info_num(1,2:end)-phrase_info_num(1,1:end-1) 472-367];
 minima1 ={[],...
                [ 2 8 19 28 42 51 64 73 78 90 103 115 130 132 138 146 162 172 181 187 204 215 233 244 256 276 286 298 309 320 331 345 351 360 371 377 392 401 426 441 449 459 470 480 490 499],...
                [ 2 8 19 28 42 51 66 74 78 93 103 115 120 133 136 141 149 165 181 189 209 223 238 249 264 283 291 306 315 324 337 352 358 368 380 398 408 429 451 459 470 480 490 500 510], ...
                [ 2 8 19 28 42 51 64 78 91 105 120 135 144 151 169 184 192 215 229 244 254 266 286 295 310 321 335 343 359 374 387 390 415 427 442 468 481 490 500 510 521],...
                [ 2 7 18 28 42 51 66 78 91 110 124 137 140 145 154 170 180 186 196 219 234 248 259 269 293 301 314 328 341 350 368 381 393 396 411 434 464 476 491 500 510 520 531], ...
                [2 7 19 28 41 51 65 78 92 109 125 140 142 148 156 171 181 190 198 224 238 254 264 275 297 305 320  333 347 357 372 377 387 400 418 440 475 485 499 510 520 530 540]};
                  
N12
 phrase_info_num(1,:)= [0 85 137 222 282 334 396 447 ];
 phrase_info_num(2,:)= [phrase_info_num(1,2:end)-phrase_info_num(1,1:end-1) 568-447];				  
  minima1 ={[], ...
                [ 2 11 40 51 71 81 92 101 110 123 135 146 154 162 171  177 201 217 230 235 247 262 273 284 298 313 335 354 380 388 402 415  431 442 451 467 473  489  500 522 549 560 570 580 589 ],...
                [2 11 40 51 71 81 91 102 112 125 137 149 156 165 179 205 217 237 249 263 276 287 306 318 330 336 354 367 387 398 409 423 438 449 458 470 480 495 506 531 556 560 570 580 590 601],...
                [2 11 40 51 71 81 93 103 114 127 140 151 159 167 183 205 219  237 252 267 281 291 311 321 337 359 371 393 403 415 428 446 456 464  478 486 500 513 528 539 565 570 580 590 600 612 ],...
                [2 11 40 51 71 81 90 104 129 143 160 169 186 210 221 241 254 271 285 295 315 326 341 363 375 389 400 408 419 436 451 461 470 483 493 506  509 519 546 574 582 590 600 610 622 ], ...
                [2 11 40 51 71 81 94 105 117 130 144 162 171 187 204 212 224 240 256 271 288 300 319 332 349 369 381 406 413 428 442 457 467 475  492 497 512 526 554 583 592 600 610 620 632]};
				
/yamamayu/
N10
 phrase_info_num(1,:)= [0 27 101 130 203 233 299 335 ];
 phrase_info_num(2,:)= [phrase_info_num(1,2:end)-phrase_info_num(1,1:end-1) 485-335];	
 minima1 ={[],...
                [9 11 14 18 20 37 45 63 88 98 111 118 129 146 158 169 186 198 208 221 230 255 262 286 300 324 335 346 363 385 423 436 446 472 496 506 510 520 530 540 547],...
                [ 9 11 14 18 20 37 45 66 91 99 114 121 132 148 158 174 194 214 226 235 259 268 293 307 332 343 349 354 365 373 394 437 446 456 483 509 524 530 540 550 560 564], ...
                [9 11 14 18 20 33 37 46 67 92 105 117 124 135 152 163 174 196 219 232 241 264 274 300 317 340 351 357 373 379 402 445 457 468 493 521 539 550 560 570 579],...
                [9 11 14 18 20 33 37 47 69 90 107  122 126 137 154 163 176 201 221 237 246 270 279 307 324 334 348 358 364 369 381 387 410 452 467 477 502 532 553 560 570 580 593 ]  ...
                [9 11 14 18 20 33 37 48 70 96 106 125 129 140 156 170 178 205  219 226 242 251 276 284 313 332 352 363 373 394 414 460 476 486 511 643 567 580 590 600 607]};
N12
 phrase_info_num(1,:)= [0 49 143 206 279 345 469 550];
 phrase_info_num(2,:)= [phrase_info_num(1,2:end)-phrase_info_num(1,1:end-1) 661-550];
  minima1 ={[],...
             [3 23 36 58 67 96 125 139 163 179 201 221 231 252 263 283 299 317 327 333 349 366 380 388 400 427 438 449 472 483 498 514 523 541 552 561 581 589 605 623 653 673 680 690 700 710 715],...
             [3 13 23 36 57 67 101 126 144 170 183 202 225 237 269 285 306 323 339 350 373 386 398 413 443 460 482 494 511 523 542 563 572 590 599 617 637 665 689 700 710 720 732],...
             [3 13 23 36 59 68 104 118 129 148 171 187 196 206 228 242 257 273 295 313 320 346 358 379 393 402 420 431 455 485 505 524 537 555 574 583 604 610 628 651 677 703 748],...
			 [3 13 23 36 59 68 104 120 132 151 174 190 204 232 243 262 282 301 318 337 357 362 385 400 410 428 449 472 479 502 512 534 548 565 584 593 611 619 639 651 663 688 717 730 740 750 763],...
             [3 13 23 36 59 68 106 122 137 155 178  194 209 235 247 264 271 291 306 324 343 357 368 405 414 431 456 489 514 522 548 556 573 594 603 631 639  663 674 699 730 740 750 760 770 778 ]};	

/roudan/
N10
			   minima1 ={[],...
			   [10 21 32 66 75 85  96 128 146 162 177 197 307 223 236 246 258 267 274 289 325 347 251 277 279 285 299 312 332 347 363 392 412 435 441 4450 460 470 481], ...
			   [ 13 21 32 41 53 66 75 86 97 106 133 153 165 179 201 207 213 229 243 252 264 272 281 290 306 328 344 352 373 402 421 444 451 460 470 480 491], ...
			   [10 20 32 40 53 66 75 86 97 135 156 168 180 207 218 231 239 249 258 270 279 286 296 309 325 349 361 367 382 412 431 453 460 470 480 490 500], ...
			   [10 20 32 41 53 66 75 85 98 119 137 147 158 171 186 211 233 241 255 264 276 284 293 302 314 333 347 360 370 377 391 421 440 462 468 480 490 500 508], ...
			   [10 20 32 40 53 66 75 85 98 108 127 139 161 173 189 215 228 250 260 269 281 290 296 307 323 338 357 367 378 400 430 448 470 476 516]};