
*N10
Boundaries_n10 = {[0 58 112 144 209 276 320 367],}
last_n10=[472-367,]
minima1_all_n10 ={...
{[],...
                [ 2 8 19 28 42 51 64 73 78 90 103 115 130 132 138 146 162 172 181 187 204 215 233 244 256 276 286 298 309 320 331 345 351 360 371 377 392 401 426 441 449 459 470 480 490 499],...
                [ 2 8 19 28 42 51 66 74 78 93 103 115 120 133 136 141 149 165 181 189 209 223 238 249 264 283 291 306 315 324 337 352 358 368 380 398 408 429 451 459 470 480 490 500 510], ...
                [ 2 8 19 28 42 51 64 78 91 105 120 135 144 151 169 184 192 215 229 244 254 266 286 295 310 321 335 343 359 374 387 390 415 427 442 468 481 490 500 510 521],...
                [ 2 7 18 28 42 51 66 78 91 110 124 137 140 145 154 170 180 186 196 219 234 248 259 269 293 301 314 328 341 350 368 381 393 396 411 434 464 476 491 500 510 520 531], ...
                [2 7 19 28 41 51 65 78 92 109 125 140 142 148 156 171 181 190 198 224 238 254 264 275 297 305 320  333 347 357 372 377 387 400 418 440 475 485 499 510 520 530 540]}, ...
				
				};


*N12
Boundaries_n12 = {[0 85 137 222 282 334 396 447],}
last_n12=[568-447,]
minima1_all_n12 ={...
{[], ...
                [ 2 11 40 51 71 81 92 101 110 123 135 146 154 162 171  177 201 217 230 235 247 262 273 284 298 313 335 354 380 388 402 415  431 442 451 467 473  489  500 522 549 560 570 580 589 ],...
                [2 11 40 51 71 81 91 102 112 125 137 149 156 165 179 205 217 237 249 263 276 287 306 318 330 336 354 367 387 398 409 423 438 449 458 470 480 495 506 531 556 560 570 580 590 601],...
                [2 11 40 51 71 81 93 103 114 127 140 151 159 167 183 205 219  237 252 267 281 291 311 321 337 359 371 393 403 415 428 446 456 464  478 486 500 513 528 539 565 570 580 590 600 612 ],...
                [2 11 40 51 71 81 90 104 129 143 160 169 186 210 221 241 254 271 285 295 315 326 341 363 375 389 400 408 419 436 451 461 470 483 493 506  509 519 546 574 582 590 600 610 622 ], ...
                [2 11 40 51 71 81 94 105 117 130 144 162 171 187 204 212 224 240 256 271 288 300 319 332 349 369 381 406 413 428 442 457 467 475  492 497 512 526 554 583 592 600 610 620 632]},...
				};
	